2500
290 33
568 537
988 884
805 185
52 872
65 407
402 68
275 165
101 814
400 245
847 622
524 910
425 397
283 386
295 124
965 618
795 9
25 693
521 717
256 924
2 917
487 942
245 906
321 634
498 603
848 914
470 693
619 479
402 94
454 110
905 307
384 508
632 434
160 399
355 200
783 511
272 611
345 398
749 332
188 380
478 189
525 409
364 565
974 278
265 42
343 254
673 1000
900 857
29 991
0 577
801 626
52 204
502 374
29 839
312 357
763 310
187 241
470 919
888 139
873 38
24 392
756 92
769 561
663 90
948 410
297 457
690 816
740 975
693 974
524 619
851 912
500 341
47 370
186 811
733 886
56 255
331 905
968 624
861 207
696 923
30 110
101 520
252 990
554 982
381 652
286 377
587 750
973 578
542 787
1000 376
132 260
760 906
354 269
524 155
696 755
737 912
29 144
372 732
674 713
113 736
101 158
123 53
928 707
452 706
145 680
757 59
883 498
447 86
747 857
89 553
936 87
590 14
180 567
189 719
695 257
247 326
448 5
634 590
870 801
712 623
460 763
396 223
649 914
534 61
844 957
122 833
714 774
224 258
545 647
26 414
872 366
939 472
331 777
600 444
607 432
925 641
251 898
954 857
548 168
687 949
650 147
983 288
612 42
592 66
770 824
592 957
933 639
339 143
870 92
791 253
305 93
546 343
455 980
59 388
33 107
445 837
918 729
216 899
424 329
515 266
544 704
643 789
698 755
639 193
323 742
738 135
636 233
795 509
659 137
810 305
39 970
324 768
747 204
756 925
156 646
501 323
380 405
209 978
75 152
810 599
478 602
815 795
697 373
685 663
480 525
400 511
825 724
512 212
466 439
38 363
659 60
109 382
622 185
21 982
798 141
985 831
111 412
963 970
810 807
481 948
418 851
241 866
433 83
122 815
941 304
538 898
373 975
195 100
760 990
297 213
101 787
319 240
657 372
549 921
760 371
452 653
390 208
506 621
269 670
191 674
692 269
911 444
660 878
402 708
622 392
862 830
479 995
279 136
974 601
406 331
145 969
749 60
380 839
809 503
107 700
451 234
853 777
160 334
599 463
290 357
847 650
285 266
653 838
425 509
465 610
157 329
439 638
17 368
535 914
848 935
990 655
241 978
302 137
660 906
407 105
361 833
69 34
151 374
964 155
55 714
167 160
37 133
656 486
722 796
864 596
408 577
722 856
515 641
514 513
643 111
811 646
453 977
439 23
733 843
342 333
825 369
802 422
553 354
892 971
643 540
932 415
842 80
288 791
881 152
709 529
283 133
503 535
820 683
655 861
426 822
866 32
933 854
553 262
982 51
938 659
116 446
55 287
810 674
625 910
98 553
990 674
315 973
408 634
910 608
888 401
370 819
196 979
138 173
305 114
18 767
308 665
205 24
518 821
508 947
518 539
434 756
220 491
465 963
689 409
582 290
917 752
359 846
332 544
248 966
170 766
996 829
424 330
425 788
567 270
532 772
645 862
595 720
154 51
581 348
945 159
49 266
928 355
826 535
91 840
654 178
546 146
757 111
598 476
563 160
259 545
85 219
958 474
269 476
203 514
577 723
536 632
495 705
148 867
776 367
297 652
817 197
501 689
396 48
200 829
309 343
723 81
148 675
894 511
985 987
968 323
651 495
960 57
993 81
866 902
253 555
572 162
902 480
557 199
76 214
807 600
516 858
872 70
962 870
483 249
478 674
32 726
888 705
140 869
443 127
876 560
315 253
534 50
151 82
388 882
567 586
106 393
180 273
862 614
903 971
656 592
759 29
938 337
375 963
257 26
874 77
363 73
243 535
169 565
588 806
948 476
996 507
143 444
570 89
748 153
542 888
858 828
555 395
932 742
524 946
248 942
726 722
572 413
874 398
289 349
552 942
674 367
192 354
789 675
745 996
170 685
771 443
500 146
50 27
134 556
449 345
661 564
653 668
484 393
267 319
929 572
840 217
283 608
773 544
970 621
370 685
375 87
586 639
220 637
597 622
915 613
336 295
848 72
931 943
259 662
999 851
97 94
365 441
130 102
156 123
547 415
208 131
746 391
260 962
849 325
728 173
452 176
994 396
734 710
378 544
1 237
355 185
762 547
326 865
53 964
600 566
149 212
150 232
88 14
715 843
150 23
73 954
521 594
198 477
848 496
32 548
971 706
873 896
434 823
150 791
921 87
503 712
202 44
645 607
31 75
871 964
38 797
945 703
331 341
91 932
409 866
313 808
380 173
113 423
327 287
577 987
83 678
311 644
85 680
208 510
718 456
980 686
981 733
560 95
579 45
760 109
280 406
880 209
287 394
126 420
469 845
444 285
753 885
6 147
556 967
625 124
168 195
978 100
436 260
983 895
450 705
866 555
474 265
999 250
59 394
750 435
171 772
577 349
261 420
598 590
411 714
907 690
5 671
562 7
316 910
438 850
93 546
31 695
416 194
959 804
817 478
785 337
177 268
679 969
278 30
637 107
13 490
28 476
192 25
77 183
669 159
734 581
627 629
939 66
993 679
319 16
592 668
696 177
949 359
179 173
769 273
333 337
617 960
785 5
43 533
533 110
658 34
56 97
418 50
895 257
542 620
314 594
570 291
576 674
43 267
666 873
378 259
776 59
699 37
700 922
386 644
582 923
33 496
605 690
75 519
534 469
636 11
198 491
822 686
610 323
447 18
7 266
258 368
598 511
878 606
812 389
840 350
26 403
130 163
550 140
195 443
966 397
710 491
93 865
664 613
15 328
530 718
261 963
760 540
788 51
906 219
246 118
225 654
133 278
998 673
857 265
487 320
583 207
877 640
127 385
521 361
143 872
122 612
200 890
420 274
672 795
430 986
8 538
11 12
503 283
420 413
706 885
199 725
838 309
667 254
4 998
658 68
561 117
889 662
320 409
579 540
398 543
517 182
40 641
439 664
650 436
821 728
540 751
304 814
941 843
550 30
63 143
404 606
179 383
139 63
217 691
55 868
468 89
127 956
889 518
453 185
973 282
186 696
238 989
21 85
755 673
122 211
905 76
253 794
798 979
557 683
339 895
84 800
939 725
972 298
516 482
63 272
378 626
69 170
465 674
548 352
91 239
21 225
46 898
110 331
182 988
442 473
900 837
900 597
124 863
16 539
742 654
821 1
248 655
213 474
538 722
226 773
13 906
715 573
469 987
691 462
260 910
358 237
998 512
405 228
960 148
634 720
826 667
541 140
91 639
993 240
959 238
173 697
280 868
734 500
249 227
864 250
733 335
318 160
737 415
979 382
81 663
492 325
361 265
3 560
991 413
503 597
673 558
326 734
453 346
477 950
175 628
234 477
704 249
94 222
72 330
736 900
848 227
517 134
528 792
506 281
211 440
800 3
504 879
494 731
350 257
669 566
349 955
418 519
768 287
235 807
362 567
616 435
651 491
846 584
632 17
258 336
573 952
930 820
84 566
112 266
880 498
109 520
536 123
894 581
589 885
230 863
162 799
165 772
939 322
757 567
768 519
549 266
669 632
650 774
108 423
504 210
168 263
455 492
676 378
662 287
766 157
229 266
105 666
604 544
947 926
82 191
879 551
893 238
349 58
547 889
830 142
764 756
274 216
823 665
318 50
417 742
13 993
992 149
312 419
27 683
140 749
26 243
655 227
712 913
737 331
195 457
978 435
718 172
732 735
496 243
748 179
19 728
237 958
111 913
80 108
118 457
932 790
86 76
442 260
981 565
631 232
571 817
880 891
153 779
998 312
444 616
699 685
993 866
574 449
576 25
666 182
153 525
27 442
328 802
934 854
25 365
445 64
589 854
447 572
149 908
120 62
837 143
548 606
53 167
160 94
439 956
564 801
686 198
827 490
412 800
903 863
885 292
609 172
42 479
41 69
719 234
604 797
993 304
71 751
352 474
502 930
262 858
548 5
674 11
413 58
690 366
234 69
939 845
292 42
429 739
218 855
114 995
422 712
765 133
317 485
536 825
187 784
229 220
66 363
371 330
584 29
549 280
191 729
172 928
461 119
228 578
1000 500
563 224
384 223
881 236
739 373
578 148
315 187
68 97
900 467
751 390
126 761
267 846
389 690
35 703
803 204
191 805
403 723
186 577
905 993
275 289
571 100
972 842
261 610
132 402
125 146
170 382
46 733
593 184
0 867
785 345
441 749
406 293
734 392
952 627
482 381
113 342
582 176
670 952
61 105
305 203
939 641
95 459
497 753
972 487
815 148
175 544
798 797
200 524
52 298
448 933
376 685
714 610
199 999
403 712
192 600
984 517
587 474
621 855
368 995
182 51
852 190
761 596
762 246
535 705
650 883
508 289
672 616
716 604
955 637
975 248
322 527
429 817
62 304
855 115
349 662
437 839
218 851
765 725
262 589
333 147
971 98
883 670
180 327
695 172
168 977
383 856
648 508
188 187
307 335
97 193
705 282
144 952
416 143
814 688
134 176
425 129
314 954
258 498
507 779
264 670
691 647
131 917
357 810
175 494
747 443
228 17
750 618
917 988
389 242
982 748
502 775
168 785
483 599
49 209
477 988
909 965
456 955
971 897
944 254
555 506
729 56
893 421
155 11
943 14
761 652
732 517
235 443
466 261
643 257
916 505
2 370
734 314
590 948
778 7
324 38
262 137
487 403
910 513
872 960
73 560
697 201
71 834
452 759
938 532
907 334
772 0
399 782
728 747
329 642
695 367
551 965
693 799
947 262
738 310
313 740
993 544
490 387
906 242
871 947
476 937
869 839
627 454
9 204
333 400
227 454
393 649
266 682
105 910
587 586
116 237
667 836
643 700
567 48
714 462
367 341
829 717
348 672
61 404
673 401
412 641
322 213
196 798
781 4
640 781
973 641
962 581
968 841
541 472
112 636
481 978
116 105
371 870
787 817
202 258
74 538
5 912
282 986
10 936
239 476
657 191
174 421
330 143
868 152
845 292
216 803
482 213
324 971
535 863
10 17
395 667
843 950
823 792
264 704
330 843
790 25
459 138
487 803
411 845
276 776
589 79
316 240
652 984
815 116
506 899
220 664
859 47
59 704
470 283
767 62
210 720
932 417
992 80
251 777
528 685
840 584
50 421
237 281
666 842
309 848
922 318
844 107
828 909
193 383
168 109
891 654
88 827
686 44
925 782
956 820
663 689
915 960
81 43
988 221
846 487
745 158
412 261
493 609
123 329
526 204
660 575
918 916
618 435
171 406
811 343
394 34
613 345
647 367
960 41
145 964
943 379
828 412
256 128
372 805
784 23
910 674
758 959
760 841
994 82
820 142
592 997
63 892
238 382
739 646
121 439
26 251
703 845
274 740
728 295
790 799
981 463
32 531
129 106
824 468
689 355
493 622
434 910
305 789
414 944
379 390
292 98
794 294
570 398
704 778
952 475
474 487
127 382
613 888
599 951
854 600
41 403
548 79
934 449
833 69
937 813
279 722
897 748
104 534
544 358
22 399
862 889
180 406
316 407
677 880
386 959
165 509
205 998
231 853
526 423
218 974
220 979
766 911
263 803
934 843
107 228
220 308
150 162
531 856
277 934
679 821
17 241
116 832
702 809
202 341
601 592
153 923
528 136
633 114
239 930
323 659
566 938
947 453
660 386
515 346
879 356
900 308
372 719
911 744
164 199
318 236
637 431
757 63
161 888
134 952
540 934
818 95
602 383
506 628
343 360
160 713
632 236
380 384
920 193
140 55
322 830
14 541
779 193
91 164
904 658
957 621
956 828
315 607
553 997
962 97
821 955
938 473
189 727
500 604
662 583
943 992
834 266
201 306
523 971
617 98
397 85
596 430
887 746
644 469
969 916
227 924
209 861
585 633
127 547
917 108
873 359
184 113
559 176
861 206
224 560
653 196
132 803
962 245
246 810
773 665
852 384
652 613
111 825
904 165
321 223
216 56
321 996
598 644
264 792
262 33
849 681
411 507
493 822
260 81
839 68
287 801
927 815
863 402
890 764
839 535
513 194
435 469
873 921
68 669
442 276
547 38
106 90
997 593
41 729
616 342
924 390
711 234
81 167
272 649
27 399
282 248
106 717
410 904
339 396
107 847
165 512
436 978
768 693
910 229
363 773
552 591
637 933
173 822
412 114
8 274
124 77
964 11
290 93
649 886
2 502
908 543
108 800
927 447
725 417
635 920
268 324
820 445
253 381
946 112
418 129
800 62
106 130
307 865
684 315
536 989
969 499
708 96
140 154
563 644
920 474
43 279
415 785
340 507
961 942
903 610
623 58
211 477
757 694
587 243
699 728
428 809
675 732
796 304
241 512
785 418
890 603
790 556
591 317
534 606
788 520
251 638
356 317
863 280
176 456
575 34
437 910
916 113
132 43
469 853
164 171
263 100
420 68
772 29
51 539
49 150
661 939
826 79
654 717
789 549
999 2
643 720
35 119
594 942
768 547
914 954
244 764
543 798
898 763
570 953
44 475
904 565
281 122
140 80
333 979
240 33
944 71
534 854
856 999
527 751
860 428
472 217
764 711
787 288
350 24
697 534
3 830
810 209
254 148
931 939
221 180
303 286
22 112
110 847
929 722
607 544
299 984
87 946
688 265
67 496
670 719
502 838
360 317
995 791
279 610
113 491
823 417
736 399
924 37
902 737
810 180
447 231
958 28
467 57
351 558
156 631
38 371
747 408
107 250
171 811
624 981
410 973
909 66
580 809
65 254
109 461
990 164
984 753
122 608
550 574
222 201
142 314
494 97
368 422
857 494
598 313
387 366
873 169
713 665
299 402
874 502
698 830
840 558
606 424
940 532
408 589
703 849
410 282
823 309
568 635
33 168
780 553
575 299
424 344
69 319
494 118
666 110
515 504
462 863
721 742
733 746
370 506
926 984
665 518
68 489
887 494
859 285
844 759
876 965
431 142
448 934
728 336
940 678
561 85
68 443
476 152
720 225
181 187
650 882
608 501
260 983
25 672
113 661
359 409
116 436
394 957
673 652
41 665
755 180
901 638
960 12
111 315
661 670
374 728
325 9
475 254
473 590
676 171
521 652
769 269
547 212
994 780
425 130
207 272
410 138
970 449
777 373
89 331
444 24
604 45
634 474
753 16
49 448
27 962
581 759
399 885
153 199
193 24
758 234
482 958
300 227
806 843
522 334
239 550
555 651
721 377
37 248
444 2
979 433
404 487
293 938
916 194
798 996
695 870
812 722
393 216
544 334
691 994
17 592
577 851
241 746
801 575
602 129
922 265
926 268
416 966
859 747
713 126
526 683
827 922
274 693
639 419
533 762
365 748
395 183
662 315
574 361
870 959
515 376
146 554
881 835
102 373
360 179
159 707
260 675
863 633
887 298
361 650
545 7
132 343
402 643
948 877
803 4
416 25
762 400
652 205
689 42
563 396
959 104
606 307
240 709
85 639
198 937
869 21
144 61
199 244
310 275
729 342
667 49
964 621
452 556
188 941
23 702
234 741
14 859
389 144
20 312
716 69
442 347
873 643
40 239
13 18
433 494
997 570
987 602
116 148
702 800
845 509
162 490
849 425
598 385
799 665
780 199
597 269
468 105
386 990
836 97
55 803
506 548
196 757
819 361
458 933
596 517
645 868
863 864
394 935
273 442
964 142
974 954
36 505
983 235
884 606
581 153
808 799
19 935
93 245
343 566
631 870
671 866
175 1
632 918
956 437
565 990
167 58
530 949
924 429
715 768
746 612
853 174
957 246
717 110
14 94
875 189
507 398
273 362
614 109
861 202
563 414
629 75
999 212
526 361
690 641
133 196
934 84
849 204
604 609
130 559
160 300
405 94
909 365
137 708
680 723
104 741
927 488
838 349
405 857
88 972
861 56
42 69
622 114
531 256
1 724
412 295
718 816
396 949
125 268
898 967
868 171
855 560
515 563
331 138
459 83
271 462
149 523
45 791
524 128
938 253
716 712
621 114
334 849
806 484
758 83
178 394
567 336
922 842
90 525
660 508
901 508
542 426
512 22
518 406
219 986
71 765
76 227
263 745
998 33
86 162
427 586
591 715
28 127
353 813
130 226
908 486
413 394
130 804
830 74
768 447
286 608
165 407
28 964
378 46
386 244
249 630
982 797
584 837
431 338
307 308
414 180
167 162
58 654
730 605
218 906
504 424
72 42
548 586
492 704
64 306
219 940
972 733
959 536
48 841
328 786
100 866
615 990
268 674
20 35
175 168
600 293
838 474
936 723
277 684
890 842
161 463
605 728
152 742
345 539
454 681
343 15
974 535
545 753
961 599
969 654
465 836
38 911
479 670
536 896
430 625
875 100
764 468
892 355
903 591
216 982
506 290
835 539
233 310
489 550
923 399
795 304
605 112
775 725
490 934
753 746
921 95
830 384
310 188
389 804
730 905
424 231
473 363
463 581
560 973
397 190
513 474
0 379
258 474
360 295
340 788
86 240
921 453
521 661
680 181
851 827
520 933
864 913
290 139
797 843
447 30
467 375
953 223
801 342
562 565
999 531
987 109
926 665
79 204
190 492
794 586
432 884
73 924
539 760
313 423
994 503
490 717
434 523
300 426
938 782
510 390
21 810
746 91
482 1000
937 243
297 774
130 28
508 587
20 280
914 759
244 314
751 670
191 992
847 25
935 762
41 418
598 514
840 249
774 387
33 237
748 174
682 41
34 151
564 582
283 696
426 684
415 86
265 576
521 571
163 826
949 629
674 193
874 386
618 997
833 784
614 973
467 29
435 138
658 253
320 849
911 406
14 801
950 53
654 361
351 675
422 90
730 560
8 918
308 136
658 635
568 314
83 969
230 841
338 664
596 206
485 84
595 637
626 257
240 222
467 103
759 137
411 217
530 961
911 129
24 708
681 688
332 918
199 22
974 357
828 202
709 445
610 622
312 357
953 907
488 534
789 155
300 385
964 898
864 751
75 421
851 79
727 946
137 767
146 755
531 591
893 564
135 306
724 56
30 594
339 810
483 415
214 327
310 127
122 234
770 881
51 263
331 404
440 28
221 254
132 170
233 454
377 831
734 133
359 980
712 656
411 191
38 558
350 715
245 965
736 8
665 174
778 363
110 383
855 461
124 654
967 191
874 491
628 235
115 984
918 429
4 749
340 435
658 647
836 286
387 725
157 32
233 111
320 127
125 861
557 724
632 743
206 15
329 462
357 258
11 395
450 792
92 191
962 937
25 724
524 885
211 304
871 766
606 398
71 505
963 342
15 107
631 340
532 747
973 337
900 152
786 483
335 150
871 162
914 499
720 536
402 334
369 933
67 285
557 623
610 362
431 173
148 575
32 424
848 196
339 901
496 143
751 80
739 785
359 853
990 148
388 789
1 583
388 21
74 296
910 106
48 834
900 566
990 177
427 428
59 221
823 836
118 200
310 825
788 52
46 985
419 892
184 210
55 723
694 274
960 104
197 774
307 786
281 585
267 518
685 67
563 420
852 484
28 721
848 51
325 434
375 558
249 215
341 156
908 13
481 760
986 930
847 307
647 480
514 355
647 856
458 55
615 542
600 435
548 27
186 547
520 809
338 492
598 653
880 609
98 819
442 749
97 65
619 320
784 900
626 645
304 587
906 188
270 386
939 236
800 90
956 274
695 412
516 251
494 396
97 694
632 527
50 132
193 491
427 204
754 775
59 685
301 910
161 237
939 806
883 820
829 561
418 441
765 379
705 112
41 133
605 924
316 347
84 93
678 507
474 34
683 324
270 816
241 144
323 68
328 435
77 392
554 970
78 421
215 575
79 17
347 602
227 560
5 464
19 517
694 31
460 70
400 277
973 95
243 493
382 704
180 336
250 165
540 615
141 607
548 600
557 936
978 671
617 185
895 295
876 323
113 463
919 990
633 88
974 50
557 978
345 981
75 799
309 766
487 860
311 502
103 292
481 958
797 886
900 592
95 243
277 989
629 196
522 174
262 724
19 725
780 771
338 255
369 408
691 487
245 889
13 843
612 569
659 369
770 250
392 846
968 326
334 7
401 293
844 429
634 587
728 13
176 453
32 98
167 943
306 958
290 533
427 803
639 1000
533 465
540 36
265 673
847 821
542 603
632 5
579 221
958 766
929 382
935 967
187 973
755 488
526 497
890 292
607 610
808 304
457 886
550 717
866 754
660 391
986 929
999 857
942 712
674 233
455 991
840 728
504 813
348 877
730 201
137 94
861 749
475 346
691 977
906 235
250 522
482 956
110 96
863 464
934 175
715 258
750 157
106 570
18 128
13 361
802 57
163 9
250 912
348 978
18 661
159 769
510 628
171 64
849 537
812 127
187 213
63 861
639 585
833 734
252 603
108 105
885 330
275 140
508 133
840 70
558 702
865 719
498 175
142 768
481 672
393 179
45 368
175 516
926 391
799 982
542 966
808 789
41 301
370 481
675 163
893 272
851 505
817 498
827 965
364 500
527 533
151 394
517 634
604 288
279 296
745 590
626 620
510 102
334 863
100 283
909 810
787 830
870 645
219 726
746 876
991 229
419 569
679 334
55 512
307 504
740 913
740 965
199 883
710 124
753 252
799 385
562 932
680 642
704 182
917 704
569 367
341 837
80 139
955 611
667 651
767 655
258 777
708 465
935 522
356 598
471 778
627 738
694 748
99 974
359 585
918 360
449 877
547 781
765 439
581 91
161 673
224 277
500 568
721 193
705 212
119 148
143 501
508 652
965 700
290 443
160 280
636 689
211 193
169 57
802 675
423 613
793 257
932 368
785 788
142 622
283 823
489 974
366 697
817 482
138 446
864 21
826 269
336 160
528 626
96 670
682 367
349 920
673 906
762 617
195 221
916 658
332 995
400 501
612 505
240 755
823 792
954 119
4 647
43 808
737 299
857 750
675 650
454 601
786 392
565 850
231 416
984 445
569 693
969 566
478 108
654 822
916 728
213 299
308 434
700 460
810 776
949 990
617 38
43 449
548 822
327 93
894 973
320 685
309 130
86 175
856 444
558 609
796 915
41 626
160 91
802 966
198 331
603 722
848 913
985 63
650 660
660 317
183 870
330 96
69 85
683 401
611 58
472 337
442 399
260 975
459 85
798 588
445 461
241 935
358 140
294 934
417 165
584 190
954 492
208 138
282 330
307 827
182 64
899 926
628 460
357 670
878 820
886 944
536 825
84 253
776 437
697 965
802 725
122 579
405 467
262 951
679 684
389 181
169 979
50 645
610 913
4 456
691 442
66 568
117 201
539 322
68 338
718 426
10 101
183 557
769 756
173 422
832 938
104 739
241 721
905 868
368 556
719 490
883 181
229 971
314 393
89 502
685 884
115 521
764 999
69 224
